7663
4210
3289
323
6902
8492
4701
4549
6693
2260
2451
6457
4901
594
1399
9891
7252
3172
172
4767
6191
4389
9026
2109
936
7802
8676
921
602
5705
7153
713
9894
789
725
3103
1400
8788
5284
2638
3995
3489
6242
9114
9558
9965
9762
3256
3858
6305
3641
4084
3528
2782
6125
8130
5308
1605
6351
3084
7840
3267
1474
5882
8710
6740
7112
9471
871
7161
520
6480
4361
3524
7757
2943
5999
2623
5070
2982
9283
4364
3525
4016
2057
9239
2303
9297
8464
7464
5903
2373
8682
9461
1471
7270
6389
4004
7956
7175
69
6126
3212
9229
3456
847
295
3678
2358
7690
3567
7201
7307
138
6534
3765
5555
3
8779
1374
5305
3318
7240
2105
5819
2883
3386
2257
2213
9753
6686
3626
7592
4745
4997
331
3927
265
4259
1561
1582
1700
4298
7822
6928
9790
3102
24
3131
9670
3685
9549
3498
6500
7581
4877
6583
9137
4393
3392
1770
5350
6346
814
8483
3997
2086
6349
624
6212
2983
6373
4939
9264
5618
5792
7876
8477
6947
845
7910
579
9138
9891
4584
7157
6612
8866
2866
1300
4608
1062
7866
5152
9003
9941
8986
7278
9187
4855
2976
6084
9893
5750
4002
8785
1756
5819
7851
5211
5383
3799
5127
2448
2117
8163
9479
6942
9423
9167
2449
798
8178
55
5815
7226
359
9508
4322
3936
1665
1998
3610
8926
9923
1455
9285
6669
3131
3875
8699
3003
6319
4844
3217
3504
9778
9025
4666
3154
5427
9862
6822
5940
6467
9127
2373
7561
2065
1231
2253
9686
1539
1237
5876
486
7795
4485
2906
3863
5780
509
9701
4481
3183
2286
9851
4695
5054
8002
214
7462
9652
1261
3127
9098
9240
5147
682
7136
7356
345
3329
4662
5246
2368
319
3759
9610
828
6004
899
5482
6940
768
1154
427
8753
6358
7977
5869
8297
1998
4541
950
3285
7175
6133
3476
8486
9783
6004
8174
103
8672
99
5237
9700
9250
7534
364
9704
1127
7157
9233
4132
8142
8018
3063
7451
7111
9562
2625
1322
7640
700
5293
373
1402
9879
2075
3117
2995
2121
5465
3357
2688
7249
8877
2276
9311
550
2061
5165
1143
7680
7646
3017
948
9108
3255
2639
8243
3598
8497
7609
9350
9719
445
5232
7684
8581
1826
9586
1664
3666
1922
7519
8724
8580
7400
3508
9307
2715
2353
7470
8648
8682
8468
5808
6614
3933
5534
880
9420
9049
4462
9547
9548
6913
8554
8697
8601
8388
5981
6475
7779
2211
5197
129
7889
6608
2301
840
761
5587
9180
6880
8254
3430
6439
4684
8071
9312
2594
35
6856
527
5134
9907
3520
9470
7416
2101
7214
6326
4206
1899
1968
2337
6255
2390
825
9609
9069
7525
894
5311
1345
1815
4782
8584
7788
2641
7948
3858
6182
2796
9370
7860
1221
5029
6467
4067
2234
4792
1765
9105
3499
6327
9530
3855
9145
4259
8866
6724
9999
9150
1038
2134
7926
5783
683
6452
6726
9956
2776
2582
5741
2430
150
6908
2901
1910
6796
756
6182
9574
7828
7799
3768
9906
5382
7651
7682
6556
158
883
1764
1207
6652
1545
2669
6788
1257
3918
6458
8904
6897
1313
6748
4831
3457
6283
4181
889
2973
3316
1454
2482
3614
1198
4376
4752
7975
5198
8125
6389
2339
3019
3010
3300
7245
7279
8044
5633
2748
3770
2187
7057
6376
2054
5975
3841
4317
4502
982
1298
5547
3047
4536
3185
5559
5848
8063
933
6722
2518
1470
3378
2884
9376
2940
1690
8837
6074
8053
1171
3512
1756
5934
7892
9924
1114
4435
8169
3984
6687
4814
5
986
9970
3718
7831
9652
9355
6770
9046
2859
3215
5400
7302
4245
4822
5447
2940
9975
6990
1517
798
1969
2393
6998
8083
7927
8865
7378
1706
4860
1579
9233
215
8909
8409
8253
6296
4919
4026
3892
1206
9350
6076
6785
3718
6667
1026
7894
7791
9352
5200
8712
1542
8316
4147
6935
5764
2262
5102
217
3546
1063
9166
2690
1275
9257
8095
7873
7159
6310
5528
9386
6745
9638
2578
4651
2070
2136
5094
1790
8837
620
5731
4826
3694
4907
6079
182
59
5860
629
4075
5051
7636
9437
7013
6981
3793
1545
7462
2618
8787
1083
6711
3619
1792
6244
9244
826
3186
3207
3522
5732
3398
6412
2183
5979
2292
2097
4726
5226
3174
9723
1854
4866
9048
810
9567
8538
250
2362
7760
4899
4468
2534
7215
6281
9735
4615
6966
9573
2140
2826
1574
3247
2299
8751
8467
4081
4730
8429
3708
2311
4992
7188
405
4499
805
9818
915
7773
4456
759
1091
5063
1916
9084
6359
2910
7984
8606
3294
9084
3194
9889
3807
5915
7679
6255
4530
2596
5953
6008
4491
8357
2134
4403
3091
8321
7649
7634
6293
5954
9695
1763
2178
8025
1183
6675
2786
6534
4415
1646
2392
2931
6832
8241
7568
9306
757
9873
87
8456
9821
8772
1367
7465
4571
2668
4814
5906
398
1492
1642
6509
3922
6179
7763
4559
1826
2430
9237
8902
1127
794
9288
7070
5314
4047
7166
467
2226
4392
8056
3312
403
5126
3845
1302
6723
2836
7544
4184
3842
6614
5205
2403
694
2347
4825
2091
8679
9521
9139
5665
6861
5879
6050
5440
6725
3373
2284
9575
8058
6552
9479
8337
470
7075
4104
4288
756
7647
903
6664
8688
1258
8283
8359
6190
8893
4903
1666
3188
5088
8560
5259
341
4136
8634
831
7515
5585
9294
9947
1376
1414
5338
2319
2249
6157
9093
8923
2528
3184
3373
9510
9276
9446
1551
4093
9695
48
7026
4648
5196
3295
3841
728
7875
4754
563
1885
9018
5437
2569
4548
8953
5846
5299
5134
1058
7065
3551
7803
4604
1148
7615
5749
635
2348
534
5098
4077
1942
4974
1809
8659
3202
1065
1853
3642
8921
8099
7007
2325
4631
5040
4613
2825
6619
5111
5329
9428
9948
506
8485
9211
9302
9937
2698
5887
9106
1234
5376
539
4307
4912
5936
4861
7181
141
5501
6126
9776
2236
9944
1856
178
9704
4787
